dates 	 	 	    linear_y 
2015.002737850787	[-0.55699459]
2015.0054757015744	[0.58855188]
2015.0082135523614	[0.26035242]
2015.0109514031485	[-0.85697196]
2015.0136892539356	[-0.88179897]
2015.0164271047229	[0.53892507]
2015.01916495551	[-0.60006048]
2015.021902806297	[-0.27104776]
2015.024640657084	[1.40846568]
2015.0273785078714	[0.45088041]
2015.0301163586585	[0.84154902]
2015.0328542094455	[0.37538637]
2015.0355920602328	[1.73335646]
2015.03832991102	[1.84345372]
2015.041067761807	[1.0187048]
2015.043805612594	[1.78876014]
2015.0465434633813	[2.00037321]
2015.0492813141684	[1.66212996]
2015.0520191649555	[0.83877239]
2015.0547570157426	[1.8378319]
2015.0574948665299	[1.93756914]
2015.060232717317	[2.80277492]
2015.062970568104	[1.99313615]
2015.065708418891	[0.68821155]
2015.0684462696784	[2.63531648]
2015.0711841204654	[0.22897584]
2015.0739219712525	[3.04318491]
2015.0766598220398	[3.57943378]
2015.0793976728269	[2.16413945]
2015.082135523614	[1.80000342]
2015.084873374401	[2.12677786]
2015.0876112251883	[2.57820473]
2015.0903490759754	[4.42831863]
2015.0930869267625	[6.0025446]
2015.0958247775495	[3.7819296]
2015.0985626283368	[5.0503508]
2015.101300479124	[5.09769725]
2015.104038329911	[3.40373195]
2015.1067761806983	[3.76565829]
2015.1095140314853	[4.02966235]
2015.1122518822724	[4.8435467]
2015.1149897330595	[4.47369782]
2015.1177275838468	[4.75433705]
2015.1204654346338	[2.75873766]
2015.123203285421	[3.7613805]
2015.125941136208	[6.16656527]
2015.1286789869953	[4.11236735]
2015.1314168377824	[5.45170431]
2015.1341546885694	[5.66940363]
2015.1368925393565	[5.74987515]
2015.1396303901438	[4.22172802]
2015.1423682409309	[6.26925482]
2015.145106091718	[5.35107566]
2015.1478439425052	[6.99280895]
2015.1505817932923	[5.82074995]
2015.1533196440794	[5.20931936]
2015.1560574948664	[6.13111522]
2015.1587953456537	[5.69162963]
2015.1615331964408	[6.49491861]
2015.1642710472279	[6.34518104]
2015.167008898015	[6.97379393]
2015.1697467488023	[7.72274563]
